4.0204e+00 2.4327e+02 0.0000e+00
4.0204e+00 2.5283e+02 0.0000e+00
4.0204e+00 2.5755e+02 0.0000e+00
4.0204e+00 2.6263e+02 0.0000e+00
4.0204e+00 2.7165e+02 0.0000e+00
4.0204e+00 2.7262e+02 0.0000e+00
4.0204e+00 2.7386e+02 0.0000e+00
4.0204e+00 2.8341e+02 0.0000e+00
4.0204e+00 2.8661e+02 0.0000e+00
4.0204e+00 2.9230e+02 0.0000e+00
4.0204e+00 2.9357e+02 0.0000e+00
4.0204e+00 2.9800e+02 0.0000e+00
4.0204e+00 3.0244e+02 0.0000e+00
4.0204e+00 3.1299e+02 0.0000e+00
4.0204e+00 3.1512e+02 2.7386e+03
4.0204e+00 3.1885e+02 2.7138e+03
4.0204e+00 3.1987e+02 2.7076e+03
