0.2 -3 -0.084051 0.04119 -0.056138
0.2 -1 -0.022018 0.037825 -0.0033762
0.2 0 0.0074205 0.04041 0.022738
0.5 -5 -0.15216 0.048454 -0.11153
0.5 -3 -0.080683 0.042311 -0.052899
0.5 -1 -0.02436 0.037412 -0.0044105
0.5 0 0.008267 0.038726 0.02274
0.9 -3 -0.095581 0.049251 -0.061016
0.9 0 0.009669 0.04646 0.025645
1.1 -5 -0.19327 0.079637 -0.13375
1.1 -3 -0.111 0.070714 -0.066951
1.1 -1 -0.034418 0.066794 -0.0044268
1.1 0 -0.002593 0.06897 0.023248
2 -6 -0.11994 0.063532 -0.083805
2 -5 -0.092016 0.059867 -0.06039
2 -3 -0.039563 0.055498 -0.016318
2 -1 0.011907 0.055337 0.027065
2 0 0.037414 0.055087 0.048478
4 -6 -0.093471 0.023895 -0.072131
4 -5 -0.072518 0.020729 -0.05526
4 -3 -0.031309 0.016843 -0.021878
4 -1 0.0072161 0.015861 0.0097102
5.1 -6 -0.087362 0.019532 -0.067554
5.1 -5 -0.068981 0.016643 -0.052678
5.1 -3 -0.033058 0.012969 -0.023523
5.1 -1 0.0022859 0.012012 0.0054175
