5 0 0.02265 0.0064737 -0.0012454
5 0.5 0.029958 0.0069464 -0.0014039
5 1 0.037218 0.0075176 -0.0015336
5 2 0.051693 0.0090357 -0.0018174
5 4 0.079793 0.013776 -0.0021166
5 6 0.10768 0.020651 -0.0022652
5 8 0.13527 0.029667 -0.0022291
5 10 0.15871 0.04041 -0.00037524
6 0.5 0.02654 0.0062309 -0.0011395
6 1 0.033393 0.0067851 -0.0012988
6 2 0.046855 0.0082904 -0.0014492
6 4 0.072538 0.012746 -0.0015301
6 6 0.09686 0.019134 -0.001188
6 8 0.12168 0.027482 -0.00091789
7 0 0.017204 0.0052989 -0.00081704
7 0.5 0.02346 0.0057063 -0.00086286
7 1 0.029669 0.0062231 -0.00089144
7 2 0.042223 0.0076458 -0.00095855
7 4 0.066863 0.011913 -0.0010317
7 6 0.090323 0.017945 -0.00085964
7 8 0.11363 0.0258 -0.0006338
7 10 0.13757 0.035676 -0.00046451
8 0 0.015531 0.0049766 -0.0006136
8 0.5 0.021259 0.0053494 -0.00060683
8 1 0.026996 0.005836 -0.00060741
8 2 0.038441 0.0071429 -0.00059312
8 6 0.084447 0.016971 -0.00047711
8 8 0.10495 0.024317 -4.2654e-05
9 0 0.014304 0.0047016 -0.00047961
9 0.5 0.019598 0.005064 -0.00042892
9 1 0.025048 0.0055313 -0.00038176
9 2 0.035565 0.0067401 -0.00032633
9 4 0.057355 0.010506 -0.00021562
9 6 0.080062 0.016154 -0.00015559
9 8 0.10245 0.023649 8.6825e-06
9 10 0.12531 0.033023 0.00018154
10 0 0.013334 0.0044601 -0.00038714
10 0.5 0.018325 0.0047974 -0.00032042
10 1 0.023257 0.0052248 -0.00027026
10 2 0.033235 0.0063833 -0.00015885
10 4 0.053814 0.0099894 5.6639e-05
10 6 0.07574 0.015471 0.00022702
10 8 0.098266 0.022877 0.00031503
10 10 0.12109 0.032171 0.00041027
