5 0 0.02265 0.0064737 -0.0020635
5 0.5 0.029958 0.0069464 -0.002488
5 1 0.037218 0.0075176 -0.0028824
5 2 0.051693 0.0090357 -0.0036946
5 4 0.079793 0.013776 -0.0050262
5 6 0.10768 0.020651 -0.0062111
5 8 0.13527 0.029667 -0.0072164
5 10 0.15871 0.04041 -0.006274
6 0 0.0196 0.0057944 -0.0017272
6 0.5 0.02654 0.0062309 -0.0021
6 1 0.033393 0.0067851 -0.002509
6 2 0.046855 0.0082904 -0.0031509
6 4 0.072538 0.012746 -0.0041757
6 6 0.09686 0.019134 -0.0047394
6 8 0.12168 0.027482 -0.0054079
7 0 0.017204 0.0052989 -0.0014384
7 0.5 0.02346 0.0057063 -0.0017119
7 1 0.029669 0.0062231 -0.0019668
7 2 0.042223 0.0076458 -0.0024922
7 4 0.066863 0.011913 -0.0034708
7 6 0.090323 0.017945 -0.0041718
7 8 0.11363 0.0258 -0.0048274
7 10 0.13757 0.035676 -0.0055815
8 0 0.015531 0.0049766 -0.0011746
8 0.5 0.021259 0.0053494 -0.0013763
8 1 0.026996 0.005836 -0.0015859
8 2 0.038441 0.0071429 -0.0019897
8 6 0.084447 0.016971 -0.0035745
8 8 0.10495 0.024317 -0.0039186
9 0 0.014304 0.0047016 -0.00099623
9 0.5 0.019598 0.005064 -0.0011383
9 1 0.025048 0.0055313 -0.0012898
9 2 0.035565 0.0067401 -0.0016185
9 4 0.057355 0.010506 -0.0023086
9 6 0.080062 0.016154 -0.0030924
9 8 0.10245 0.023649 -0.0037744
9 10 0.12531 0.033023 -0.0044827
10 0 0.013334 0.0044601 -0.00086875
10 0.5 0.018325 0.0047974 -0.00098377
10 1 0.023257 0.0052248 -0.0011134
10 2 0.033235 0.0063833 -0.0013665
10 4 0.053814 0.0099894 -0.0019074
10 6 0.07574 0.015471 -0.0025519
10 8 0.098266 0.022877 -0.0033145
10 10 0.12109 0.032171 -0.0040984
