0.2 -20 -0.10287 0.073429 0.026617
0.2 -10 -0.024489 0.051613 0.011008
0.2 0 0.044664 0.040636 -0.00029751
0.2 10 0.11344 0.047622 -0.010867
0.2 20 0.18113 0.075169 -0.020162
0.5 -20 -0.089379 0.06408 0.024084
0.5 -10 -0.022549 0.044855 0.011951
0.5 0 0.035188 0.040485 0.0014772
0.5 10 0.099839 0.053623 -0.0081516
0.5 20 0.18679 0.065264 -0.023544
0.9 -20 -0.12354 0.08569 0.033826
0.9 -10 0.13862 0.053566 -0.020344
0.9 0 0.042511 0.047096 -0.00045186
0.9 10 0.13862 0.053566 -0.020344
0.9 20 0.223 0.086799 -0.039499
1.1 -20 -0.11089 0.09957 0.035462
1.1 -10 -0.047116 0.076904 0.020508
1.1 0 0.027508 0.069675 0.0021964
1.1 10 0.097652 0.08107 -0.014531
1.1 20 0.15203 0.10641 -0.02652
3 -20 0.022535 0.059157 0.0067948
3 -10 0.029811 0.053473 0.0056323
3 0 0.041616 0.051702 0.0025127
3 10 0.054514 0.053426 -0.00052647
3 20 0.068648 0.059855 -0.0041237
5 -20 -7.5705e-05 0.019151 0.005495
5 -10 0.011777 0.013826 0.002487
5 0 0.019458 0.012628 0.00049509
5 10 0.027608 0.013959 -0.0014231
7 -20 -0.0070055 0.01529 0.0057296
7 -10 0.005733 0.0099033 0.0024834
7 0 0.012539 0.0089575 0.00071742
7 10 0.019851 0.010124 -0.001012
7 20 0.033662 0.016092 -0.0045573
9 -20 -0.0091105 0.013266 0.0056261
9 -10 0.0027885 0.0082279 0.0025035
9 0 0.0090801 0.007464 0.00089416
9 10 0.015494 0.0084715 -0.00062945
9 20 0.030202 0.014566 -0.0044022
10 -20 -0.010868 0.012843 0.0057817
10 -10 0.0028103 0.0075959 0.0023417
10 0 0.0080094 0.0069288 0.00094325
10 10 0.013654 0.0078221 -0.00041613
10 20 0.028159 0.013929 -0.0041903
