0.2 0 0.044664 0.040636 -0.00029751
0.2 1 0.077822 0.045731 -0.00025645
0.2 2 0.099809 0.039997 -0.00039444
0.2 4 0.17663 0.059714 -0.0044386
0.2 6 0.22994 0.066292 -0.006835
0.2 8 0.30469 0.090505 -0.0066529
0.2 10 0.3711 0.11129 -0.010287
0.5 0 0.035188 0.040485 0.0014772
0.5 1 0.077175 0.042063 -0.0019905
0.5 2 0.098015 0.050564 -0.00077759
0.5 4 0.16589 0.056372 -0.0050871
0.5 6 0.22566 0.068196 -0.0059947
0.5 8 0.29853 0.089728 -0.0081698
0.5 10 0.39221 0.11128 -0.015271
0.9 0 0.042511 0.047096 -0.00045186
0.9 1 0.062004 0.071356 -0.00076642
0.9 2 0.11147 0.051109 -0.0058874
0.9 4 0.18354 0.063728 -0.0094231
0.9 6 0.27141 0.075176 -0.015649
0.9 8 0.34937 0.10361 -0.018579
0.9 10 0.43744 0.12712 -0.022985
1.1 0 0.027508 0.069675 0.0021964
1.1 1 0.062004 0.071356 -0.00076642
1.1 2 0.096609 0.075363 -0.0040165
1.1 4 0.17612 0.084429 -0.010892
1.1 6 0.254 0.10144 -0.017009
1.1 8 0.34577 0.12564 -0.026669
1.1 10 0.43131 0.15535 -0.033917
3 0 0.041616 0.051702 0.0025127
3 1 0.061593 0.053733 0.0012552
3 2 0.08151 0.056598 0.00016878
3 4 0.1215 0.064633 -0.0021661
3 6 0.16093 0.075523 -0.0042133
3 8 0.19923 0.089382 -0.0059849
3 10 0.2364 0.10596 -0.0074592
5 0 0.019458 0.012628 0.00049509
5 0.5 0.027461 0.013133 0.00014544
5 1 0.035356 0.013759 -0.00014283
5 2 0.051149 0.015336 -0.00069061
5 4 0.082111 0.020511 -0.0015599
5 6 0.11311 0.028022 -0.0021893
5 8 0.14411 0.037965 -0.0026207
5 10 0.18637 0.08836 -0.0019676
6 0 0.015967 0.010301 0.00049341
6 0.5 0.02339 0.010762 0.00025859
6 1 0.03077 0.011346 1.0685e-06
6 2 0.045407 0.012949 -0.00037658
6 4 0.073634 0.017776 -0.00079066
6 6 0.1011 0.024916 -0.00090372
6 8 0.12907 0.034117 -0.00098371
7 0 0.012539 0.0089575 0.00071742
7 0.5 0.01925 0.0093204 0.000597
7 1 0.026185 0.0099188 0.00043707
7 2 0.040028 0.011428 0.00017518
7 4 0.067255 0.016034 -0.00017439
7 6 0.093432 0.022608 -0.00015011
7 8 0.11999 0.031351 -4.3139e-05
7 10 0.14798 0.042549 -5.8438e-05
8 0 0.010137 0.0080073 0.00092954
8 0.5 0.016215 0.0083968 0.00089664
8 1 0.022381 0.0089042 0.00084486
8 2 0.03473 0.010272 0.00077745
8 6 0.086965 0.021038 0.00042527
8 8 0.11163 0.029644 0.0006553
9 0 0.0090801 0.007464 0.00089416
9 0.5 0.014381 0.0077492 0.00099267
9 1 0.020738 0.0084304 0.00094265
9 2 0.031489 0.0096298 0.0010749
9 4 0.055214 0.01367 0.0012057
9 6 0.08124 0.019818 0.0012096
9 8 0.1086 0.028251 0.0011282
9 10 0.13599 0.038865 0.0012529
10 0 0.0080094 0.0069288 0.00094325
10 0.5 0.013138 0.0072208 0.001029
10 1 0.01857 0.007772 0.0010769
10 2 0.029124 0.0090387 0.0012664
10 4 0.051361 0.012962 0.0016794
10 6 0.076423 0.018908 0.0018508
10 8 0.10372 0.027167 0.001697
10 10 0.13152 0.037783 0.0016508
