5 0 0.02265 0.0064737 -0.0011443
5 0.5 0.029958 0.0069464 -0.0012698
5 1 0.037218 0.0075176 -0.0013669
5 2 0.051693 0.0090357 -0.0015853
5 4 0.079793 0.013776 -0.0017569
5 6 0.10768 0.020651 -0.0017773
5 8 0.13527 0.029667 -0.0016125
5 10 0.15871 0.04041 0.00035404
6 0.5 0.02654 0.0062309 -0.0010207
6 1 0.033393 0.0067851 -0.0011492
6 2 0.046855 0.0082904 -0.0012388
6 4 0.072538 0.012746 -0.001203
6 6 0.09686 0.019134 -0.00074896
6 8 0.12168 0.027482 -0.00036277
7 0 0.017204 0.0052989 -0.00074022
7 0.5 0.02346 0.0057063 -0.00075788
7 1 0.029669 0.0062231 -0.00075849
7 2 0.042223 0.0076458 -0.00076894
7 4 0.066863 0.011913 -0.00073019
7 6 0.090323 0.017945 -0.00045015
7 8 0.11363 0.0258 -0.00011534
7 10 0.13757 0.035676 0.00016812
8 0 0.015531 0.0049766 -0.00054425
8 0.5 0.021259 0.0053494 -0.0005117
8 1 0.026996 0.005836 -0.00048643
8 2 0.038441 0.0071429 -0.00042046
8 6 0.084447 0.016971 -9.417e-05
8 8 0.10495 0.024317 0.00043654
9 0 0.014304 0.0047016 -0.00041574
9 0.5 0.019598 0.005064 -0.00034122
9 1 0.025048 0.0055313 -0.00026949
9 2 0.035565 0.0067401 -0.00016657
9 4 0.057355 0.010506 4.3137e-05
9 6 0.080062 0.016154 0.0002075
9 8 0.10245 0.023649 0.00047639
9 10 0.12531 0.033023 0.00075819
10 0 0.013334 0.0044601 -0.0003276
10 0.5 0.018325 0.0047974 -0.00023841
10 1 0.023257 0.0052248 -0.00016602
10 2 0.033235 0.0063833 -9.5437e-06
10 4 0.053814 0.0099894 0.00029946
10 6 0.07574 0.015471 0.00057059
10 8 0.098266 0.022877 0.00076376
10 10 0.12109 0.032171 0.00096769
