5 0 20 -0.0021572 0.0010368 0.00063948
5 0 25 -0.0021184 0.0010256 0.00063415
5 0 30 -0.0021207 0.0010463 0.00063527
5 0 35 -0.0019518 0.00088034 0.00059752
5 0 40 -0.0020686 0.0011649 0.00062481
5 0.5 20 0.0047753 -0.006952 -0.001119
5 0.5 25 -0.0020727 0.00094069 0.00061618
5 0.5 30 -0.0021152 0.00097432 0.00062656
5 0.5 35 -0.0020899 0.00098572 0.00061993
5 0.5 40 -0.0021994 0.0012382 0.00064809
5 1 20 -0.0017436 0.00055485 0.00054311
5 1 30 -0.0020214 0.00084085 0.00060059
5 1 35 -0.002045 0.00089093 0.00060658
5 1 40 -0.0022056 0.0011493 0.00064618
5 2 20 -0.0019114 0.00055665 0.0005721
5 2 25 -0.0019122 0.00057753 0.0005705
5 2 30 -0.0017392 0.00046198 0.00053538
5 2 35 -0.0020041 0.00077566 0.000594
5 2 40 -0.0019482 0.00067337 0.00058008
5 4 20 -0.0016586 4.4369e-05 0.00051019
5 4 25 -0.0017298 0.0001521 0.00052774
5 4 30 -0.0017615 0.00023779 0.00053267
5 4 35 -0.0018426 0.00041378 0.00055117
5 4 40 -0.0019234 0.00060849 0.00057163
6 0.5 25 -0.00087223 -0.00081958 0.00028939
6 0.5 30 -0.00095026 -0.00049571 0.00030588
6 1 25 -0.0006304 -0.00082789 0.0002358
6 1 30 -0.00080794 -0.00090449 0.00027244
6 2 25 -0.0005181 -0.0014984 0.00020984
6 2 30 -0.0011419 -0.00011461 0.00035459
6 4 25 -0.00031167 -0.0018436 0.00018337
6 4 30 -0.00043552 -0.0011226 0.00020448
7 0 20 -0.0012002 -0.00046372 0.00042952
7 0 25 1.2359e-05 -0.0022829 4.4932e-05
7 0 30 -0.00024383 -0.0016581 0.00010673
7 0 35 -0.00075205 -0.00041351 0.00024196
7 0 40 -0.00060366 -0.00082595 0.00020286
7 0.5 20 0.00010803 -0.00247 2.6159e-05
7 0.5 25 -8.2885e-05 -0.0019278 7.51e-05
7 0.5 30 -0.00027642 -0.0015474 0.00012174
7 0.5 35 -0.00054664 -0.00090035 0.00019079
7 0.5 40 -0.00041203 -0.0012601 0.00015579
7 1 20 0.00015738 -0.0022349 2.1393e-05
7 1 25 -0.00016168 -0.0017872 9.4805e-05
7 1 35 -0.00017479 -0.001755 0.00010028
7 1 40 -0.00043728 -0.0011493 0.00016573
7 2 20 -0.00047705 -0.001026 0.00018061
7 2 25 -0.00028137 -0.0015002 0.00013453
7 2 35 -0.00028933 -0.0013629 0.00013532
7 2 40 -0.00028541 -0.0015103 0.0001316
7 4 20 0.0001365 -0.0019918 5.485e-05
7 4 25 0.00025184 -0.002443 2.9362e-05
7 4 30 0.00047554 -0.0029237 -1.9705e-05
7 4 35 0.0004718 -0.0029198 -1.4666e-05
7 4 40 0.00050435 -0.0030029 -2.288e-05
7 6 20 0.00099464 -0.0036871 -0.00010041
7 6 25 0.00098328 -0.0036068 -9.4413e-05
7 6 30 0.0011685 -0.0039045 -0.00013387
7 6 35 0.00091921 -0.003623 -8.527e-05
7 6 40 0.0008781 -0.0036318 -7.4351e-05
8 0.5 25 -1.0996e-05 -0.001941 4.7886e-05
8 0.5 30 -0.00031446 -0.0012171 0.00012442
8 1 25 -0.00026241 -0.0012748 0.00011222
8 1 30 9.3421e-05 -0.0020734 2.2763e-05
8 2 25 -5.3384e-05 -0.0018581 7.5169e-05
8 2 30 0.00050452 -0.0028469 -6.1349e-05
8 6 45 0.0015856 -0.0041527 -0.00024485
8 8 45 0.0015641 -0.0036087 -0.00022135
9 0 20 0.0014959 -0.0058174 -0.00035044
9 0 25 0.0023154 -0.0035259 -0.00053137
9 0 30 0.00010772 -0.0020797 5.129e-06
9 0 35 -0.00010864 -0.001584 6.2255e-05
9 0 40 -0.00012964 -0.0015901 6.8659e-05
9 0.5 20 0.00037798 -0.0028054 -5.4407e-05
9 0.5 25 0.00010285 -0.0020108 1.3719e-05
9 0.5 30 1.0589e-05 -0.0019123 3.6941e-05
9 0.5 35 0.00036271 -0.0021659 -4.5718e-05
9 0.5 40 -5.706e-05 -0.0018167 5.4487e-05
9 1 20 0.00022606 -0.0023636 -1.1025e-05
9 1 25 6.0483e-05 -0.0020872 3.1543e-05
9 1 30 0.00030028 -0.0020584 -2.7039e-05
9 1 35 0.00015157 -0.002161 5.4283e-06
9 1 40 5.4974e-05 -0.0020801 3.5298e-05
9 2 20 0.00042342 -0.0027873 -4.9811e-05
9 2 25 0.00048744 -0.0028196 -6.3644e-05
9 2 30 0.00043155 -0.0028285 -4.7398e-05
9 2 35 0.00069056 -0.0028515 -0.00010861
9 2 40 0.00023126 -0.002373 -5.1027e-07
9 4 25 0.0010041 -0.003565 -0.00015285
9 4 30 0.0013198 -0.0039486 -0.00021831
9 4 35 0.00077258 -0.0034113 -9.8634e-05
9 4 40 0.00069779 -0.0030014 -8.5205e-05
9 6 20 0.0015915 -0.0042491 -0.00024879
9 6 25 0.0014226 -0.0041913 -0.00020965
9 6 30 0.0013908 -0.004276 -0.00020063
9 6 35 0.0015784 -0.0042746 -0.0002428
9 6 40 0.001105 -0.0036608 -0.00013914
9 6 45 0.0015401 -0.0036638 -0.00024868
9 8 20 0.0022902 -0.0051565 -0.00035479
9 8 25 0.001796 -0.0046913 -0.00024986
9 8 30 0.0019482 -0.0045388 -0.00029065
9 8 35 0.0014179 -0.003907 -0.00018041
9 8 40 0.001272 -0.0037836 -0.00015014
9 8 45 0.0021025 -0.0044211 -0.00032854
9 10 20 0.0023113 -0.0048065 -0.00032684
9 10 25 0.0025815 -0.0049906 -0.00038764
9 10 35 0.0024683 -0.0049356 -0.00036366
9 10 40 0.0025681 -0.0049301 -0.00037761
10 0 20 0.0011679 -0.0054057 -0.00025861
10 0 25 0.00050135 -0.003012 -8.8479e-05
10 0 30 0.00038916 -0.0024035 -5.9891e-05
10 0 35 2.5142e-05 -0.0017552 3.0033e-05
10 0 40 -2.2192e-05 -0.0015549 4.1148e-05
10 0.5 20 0.00022958 -0.0025799 -1.5972e-05
10 0.5 25 0.00030168 -0.0022602 -3.3823e-05
10 0.5 30 0.00027976 -0.0021277 -3.2285e-05
10 0.5 35 0.00027192 -0.0019435 -2.7391e-05
10 0.5 40 1.9903e-05 -0.0016299 3.3757e-05
10 1 20 0.00013402 -0.0021735 8.9438e-06
10 1 25 0.00034456 -0.0023828 -3.9116e-05
10 1 30 0.00042652 -0.0023738 -5.9549e-05
10 1 35 0.00034128 -0.002094 -3.9416e-05
10 1 40 0.00019295 -0.0017756 -4.1553e-06
10 2 20 0.00047378 -0.0028123 -5.935e-05
10 2 25 0.00056889 -0.0028464 -7.9654e-05
10 2 30 0.00067276 -0.0028972 -0.00010316
10 2 35 0.0004818 -0.0024324 -6.3366e-05
10 2 40 0.00034034 -0.0019958 -3.2617e-05
10 4 25 0.0011985 -0.0037242 -0.00019607
10 4 30 0.0011288 -0.0036197 -0.00017776
10 4 35 0.001053 -0.0033034 -0.00016732
10 4 40 0.00082596 -0.0027668 -0.00012004
10 6 20 0.0013514 -0.0041324 -0.00019708
10 6 25 0.0011845 -0.0039568 -0.00015852
10 6 30 0.0017737 -0.0042596 -0.00029279
10 6 35 0.00093695 -0.0034596 -0.0001058
10 6 40 0.00091155 -0.003219 -0.00010667
10 6 45 0.0011914 -0.0033824 -0.00017277
10 8 20 0.0019035 -0.0045137 -0.000285
10 8 25 0.0017822 -0.0044062 -0.00025643
10 8 30 0.0021006 -0.0045262 -0.00032577
10 8 35 0.0015316 -0.0041469 -0.00020148
10 8 40 0.0017728 -0.0041881 -0.00025243
10 10 25 0.0027759 -0.0052031 -0.00042209
10 10 30 0.0030188 -0.0053591 -0.00048048
